 48.64118      8.543831E-03 
 49.06816      .0263998 
 49.94991      5.710701E-02 
 52.20577      .1134736 
 55.61559      .193804 
 59.32556      .312174 
 63.27519      .4525032 
 67.78375      .6236889 
 72.01213      .8197424 
 74.34309      1.028989 
 74.39476      1.252174 
 72.67766      1.500091 
 70.10524      1.752858 
 67.92542      2.013872 
 66.52559      2.274614 
 65.61909      2.52335 
 65.01163      2.771667 
 64.40595      3.02002 
 63.44275      3.268383 
 62.32172      3.484013 
 61.4823       3.699571 
 61.07372      3.900085 
 61.02041      4.091192 
 61.27766      4.27049 
 61.41394      4.417212 
 61.12447      4.565268 
 60.60165      4.702845 
 60.12607      4.827968 
 59.67898      4.953264 
 59.43162      5.061699 
 59.33478      5.183064 
 59.2862       5.284349 
 59.09123      5.374264 
 58.57356      5.436578 
 57.97224      5.491297 
 57.22521      5.510017 
 56.07454      5.520676 
 54.57053      5.511377 
 52.87541      5.476304 
 50.67769      5.40961 
 47.78025      5.307908 
 44.28247      5.175339 
 40.15309      5.028145 
 35.50052      4.867606 
 31.20575      4.668352 
 28.9691       4.456466 
 29.70591      4.219093 
 32.77787      3.969839 
 36.53851      3.714916 
 39.14451      3.434023 
 39.36185      3.152885 
 37.90353      2.88241 
 35.97         2.586515 
 34.77064      2.27 
 34.77064      2.13 
 36.09679      1.839692 
 38.40625      1.56175 
 40.72901      1.322229 
 42.30582      1.097403 
 42.68041      .9066841 
 42.30607      .7155911 
 41.82577      .5435271 
 41.71926      .3962901 
 42.52046      .2734912 
 44.30525      .1702643 
 46.29829      8.672164E-02 
 47.7949      2.885223E-02 