 4398.74       9.183812E-03 
 4545.612      3.177331E-02 
 4793.143      7.940295E-02 
 5109.447      .1643677 
 5514.439      .2825463 
 6013.154      .4187299 
 6539.138      .5880401 
 7084.646      .7681862 
 7670.783      .9718033 
 8263.442      1.176129 
 8707.678      1.403305 
 8852.124      1.61725 
 8728.499      1.83442 
 8485.818      2.059795 
 8317.213      2.290152 
 8314.184      2.528373 
 8405.428      2.756803 
 8482.156      2.992551 
 8493.957      3.217491 
 8421.639      3.454561 
 8311.927      3.69 
 8267.074      3.8 
 8185.162      4.013837 
 8124.103      4.202038 
 8101.564      4.371942 
 8122.783      4.532182 
 8170.865      4.676967 
 8253.173      4.808053 
 8338.165      4.920779 
 8363.552      5.012283 
 8325.108      5.113704 
 8249.809      5.204088 
 8162.415      5.283476 
 8105.198      5.352916 
 8053.066      5.40744 
 7981.833      5.43673 
 7878.954      5.440305 
 7733.207      5.407436 
 7540.251      5.359304 
 7322.699      5.286029 
 7151.933      5.17509 
 7059.606      5.0404 
 7051.112      4.887901 
 7110.714      4.707503 
 7205.43       4.507075 
 7310.95       4.28061 
 7391.854      4.032639 
 7431.811      3.773396 
 7458.032      3.505428 
 7507.278      3.23456 
 7562.196      2.964381 
 7590.346      2.674404 
 7564.232      2.391943 
 7391.333      2.121011 
 6884.744      1.854185 
 6080.534      1.605806 
 5326.858      1.36829 
 4727.861      1.132359 
 4175.218      .9214361 
 3830.736      .7290967 
 3831.681      .5567323 
 4067.462      .4084409 
 4370.924      .2768448 
 4581.094      .1664464 
 4603.246      9.738492E-02 
 4488.534      5.387589E-02 
 4384.448      2.445639E-02 