 3692.832      9.824804E-03 
 3817.137      2.339236E-02 
 4015.783      6.156199E-02 
 4351.579      .146111 
 4806.055      .2595231 
 5341.749      .3990332 
 5920.253      .5641156 
 6439.902      .7544717 
 6753.596      .9698142 
 6798.57       1.194907 
 6664.897      1.445977 
 6519.449      1.706291 
 6431.64       1.975124 
 6409.695      2.234562 
 6406.455      2.489033 
 6355.758      2.75 
 6319.062      2.86 
 6232.851      3.118953 
 6175.258      3.367491 
 6150.313      3.597177 
 6130.041      3.822833 
 6080.828      4.023129 
 6026.604      4.214626 
 5996.398      4.394869 
 5984.573      4.554212 
 5975.524      4.709308 
 5947.107      4.861325 
 5910.141      4.999801 
 5866.866      5.124477 
 5838.943      5.237424 
 5826.909      5.350114 
 5813.075      5.45482 
 5764.84       5.544076 
 5678.577      5.612082 
 5584.401      5.663373 
 5492.407      5.688815 
 5397.773      5.698813 
 5276.083      5.672509 
 5120.598      5.621445 
 4927.784      5.533229 
 4693.923      5.409227 
 4434.132      5.254549 
 4110.383      5.084989 
 3662.981      4.903783 
 3081.507      4.690551 
 2544.788      4.472838 
 2325.364      4.247828 
 2441.865      3.991764 
 2705.429      3.730741 
 2895.512      3.46 
 2894.219      3.188941 
 2764.656      2.908027 
 2679.518      2.617199 
 2733.251      2.336382 
 2876.925      2.054911 
 3003.977      1.784817 
 3052.232      1.53679 
 3029.622      1.293173 
 3010.595      1.067587 
 3042.931      .8629792 
 3137.555      .6697549 
 3262.174      .499202 
 3363.874      .3489048 
 3419.558      .2245632 
 3446.645      .1251518 
 3491.317      5.725947E-02 
 3580.345      2.105791E-02 